1.0000
.5000
.3333
.2500
.2000
.1666
.1428
.1250
.1111
.1000
.0909
.0833
.0769
.0714
.0666
.0625
.0588
.0555
.0526
.0500
.0476
.0454
.0434
.0416
.0400
.0384
.0370
.0357
.0344
.0333
.0322
.0312
.0303
.0294
.0285
.0277
.0270
.0263
.0256
.0250
.0243
.0238
.0232
.0227
.0222
.0217
.0212
.0208
.0204
.0200
.0196
.0192
.0188
.0185
.0181
.0178
.0175
.0172
.0169
.0166
.0163
.0161
.0158
.0156
.0153
.0151
.0149
.0147
.0144
.0142
.0140
.0138
.0136
.0135
.0133
.0131
.0129
.0128
.0126
.0125
.0123
.0121
.0120
.0119
.0117
.0116
.0114
.0113
.0112
.0111
.0109
.0108
.0107
.0106
.0105
.0104
.0103
.0102
.0101
.0100
